5.8,4.0,1.2,0.2,Iris-setosa           ([5.8,4.0,1.2,0.2,Iris-setosa           
5.4,3.4,1.5,0.4,Iris-setosa           ([5.4,3.4,1.5,0.4,Iris-setosa           )
6.2,2.2,4.5,1.5,Iris-versicolor       ([5.9575015671, 2.2, 4.2575015671, 0.1], 2.0776109799)
6.6,3.0,4.4,1.4,Iris-versicolor       ([6.2075014487, 3.0000000001, 4.0075014489, 0.10000000887], 1.9981102023)
5.6,2.7,4.2,1.3,Iris-versicolor       ([5.4645122569, 2.7000000026, 4.064512257, 0.18322314799], 1.2839043942)
5.1,2.5,3.0,1.1,Iris-versicolor       ([5.012388633, 2.5000000029, 2.912388633, 0.37785098078], 0.5368507092)
4.9,2.5,4.5,1.7,Iris-virginica        ([4.7230908933, 2.5, 4.3230908933, 0.24180179939], 2.1889356563)
6.0,2.2,5.0,1.5,Iris-virginica        ([5.6075015751, 2.2000000038, 4.6075015751, 0.1], 2.2681100271)
7.2,3.0,5.8,1.6,Iris-virginica        ([5.807501572, 2.9999999915, 4.407501573, 0.1], 6.1281037412)
6.7,3.1,5.6,2.4,Iris-virginica        ([5.6575015557, 3.0999994683, 4.5575015576, 0.1], 7.4636060088)

([5.9575015671, 2.2, 4.2575015671, 0.1], 2.0776109799)
([6.2075014487, 3.0000000001, 4.0075014489, 0.10000000887], 1.9981102023)
([5.4645122569, 2.7000000026, 4.064512257, 0.18322314799], 1.2839043942)
([5.012388633, 2.5000000029, 2.912388633, 0.37785098078], 0.5368507092)
([4.7230908933, 2.5, 4.3230908933, 0.24180179939], 2.1889356563)
([5.6075015751, 2.2000000038, 4.6075015751, 0.1], 2.2681100271)
([5.807501572, 2.9999999915, 4.407501573, 0.1], 6.1281037412)
([5.6575015557, 3.0999994683, 4.5575015576, 0.1], 7.4636060088)